100 0.227717
600 0.0282828
1100 0.0601535
1600 0.0474828
2100 0.0326696
2600 0.0623018
3100 0.0464506
3600 0.0140606
4100 0.0229172
4600 0.0273694
5100 0.051027
5600 0.0668029
6100 0.0794828
6600 0.000355541
7100 0.0275617
7600 0.0229172
8100 0.0115394
8600 0.0419683
9100 0.0389729
9600 0.0432161
10100 0.0470392
10600 0.0137922
11100 0.0302974
11600 0.0194552
12100 0.00514529
12600 0.0437241
13100 0.0166638
13600 0.00343576
14100 0.0229172
14600 0.0289842
15100 0.0862643
15600 0.0387854
16100 0.0387772
16600 0.0116274
17100 0.00435344
17600 0.0642263
18100 0.0285746
18600 0.00695159
19100 0.0312315
19600 0.00881106
20100 0.00152017
20600 0.0163527
21100 0.0204906
21600 0.0244902
22100 0.0294412
22600 0.0332669
23100 0.0205252
23600 0.00599515
24100 0.0216969
24600 0.0249985
25100 0.00700643
25600 0.0114828
26100 0.0135011
26600 0.0113445
27100 0.0330061
27600 0.00325342
28100 0.0175326
28600 0.0454688
29100 0.0228285
29600 0.017728
30100 0.0131439
30600 0.00016163
31100 0.0248927
31600 0.042217
32100 0.00419808
32600 0.0153785
33100 0.0139456
33600 0.00786377
34100 0.00279754
34600 0.0137426
35100 0.00512117
35600 0.0186026
36100 0.00873436
36600 0.00785877
37100 0.0226246
37600 0.0124871
38100 0.00786627
38600 0.00222496
39100 0.00431964
39600 0.0102465
40100 0.0107905
40600 0.0176206
41100 0.00822637
41600 0.00292897
42100 0.0174591
42600 0.00160112
43100 0.0117506
43600 0.0252658
44100 0.0301154
44600 0.00386068
45100 0.0129569
45600 0.0213214
46100 0.0119566
46600 0.0202803
47100 0.00838982
47600 0.00569458
48100 0.00695045
48600 0.0202762
49100 0.0137408
49600 0.0253925
50100 0.00411319
50600 0.00753695
51100 0.00613957
51600 0.00108773
52100 0.0193794
52600 0.0230265
53100 0.0040185
53600 0.0133649
54100 0.00566396
54600 0.0160923
55100 0.00737537
55600 0.00228985
56100 0.00811312
56600 0.0120001
57100 0.0245312
57600 0.0163394
58100 0.00739744
58600 0.00189647
59100 0.0100955
59600 0.00333061
60100 0.000256287
60600 0.0127369
61100 0.00582259
61600 0.0161477
62100 0.00775335
62600 0.0167012
63100 0.0172373
63600 0.00842662
64100 0.00392088
64600 0.0127484
65100 0.00335132
65600 0.0111121
66100 0.00634109
66600 0.00400547
67100 0.00165271
67600 0.00625446
68100 0.00745697
68600 0.0111248
69100 0.0117595
69600 0.0147472
70100 0.00980407
70600 0.000870727
71100 0.0152488
71600 0.0158404
72100 0.00147142
72600 0.0021833
73100 0.0150726
73600 0.0176302
74100 0.00237188
74600 0.0157917
75100 0.00748921
75600 0.0177177
76100 0.0138176
76600 0.0010118
77100 0.00457542
77600 0.0120519
78100 0.00652794
78600 0.000639323
79100 0.00246308
79600 0.0279343
80100 0.00156787
80600 0.0161837
81100 0.00107295
81600 0.0128475
82100 0.00813957
82600 0.00448039
83100 0.00874631
83600 0.0111345
84100 0.000217178
84600 0.00560844
85100 0.00331454
85600 0.00100805
86100 0.0220389
86600 0.0148029
87100 0.00986736
87600 0.0136709
88100 0.000561588
88600 0.00361606
89100 0.00937731
89600 0.00668861
90100 0.00106328
90600 0.00664169
91100 0.0033589
91600 0.000894168
92100 0.00968635
92600 0.000358223
93100 0.00721987
93600 0.00574112
94100 0.0114701
94600 0.0081492
95100 0.000628227
95600 0.0140368
96100 0.0014995
96600 0.00182236
97100 0.00176005
97600 0.000884399
98100 0.00662328
98600 0.00211162
99100 0.000848707
99600 0.00422498
