100 0.7168
600 0.9728
1100 0.884364
1600 0.992
2100 0.911848
2600 0.882215
3100 0.990968
3600 0.958578
4100 0.9216
4600 0.917148
5100 0.89349
5600 0.877714
6100 1.024
6600 0.944873
7100 0.972079
7600 0.9216
8100 0.932978
8600 0.902549
9100 0.98349
9600 0.987733
10100 0.991556
10600 0.958309
11100 0.91422
11600 0.963972
12100 0.939372
12600 0.988241
13100 0.927853
13600 0.947953
14100 0.9216
14600 0.973501
15100 1.03078
15600 0.983303
16100 0.983294
16600 0.956145
17100 0.940164
17600 0.880291
18100 0.915943
18600 0.937566
19100 0.975749
19600 0.935706
20100 0.942997
20600 0.96087
21100 0.924027
21600 0.969007
22100 0.973958
22600 0.977784
23100 0.965042
23600 0.938522
24100 0.966214
24600 0.919519
25100 0.937511
25600 0.956
26100 0.931016
26600 0.955862
27100 0.977523
27600 0.941264
28100 0.96205
28600 0.989986
29100 0.967346
29600 0.926789
30100 0.957661
30600 0.944356
31100 0.919624
31600 0.986734
32100 0.948715
32600 0.929139
33100 0.930572
33600 0.952381
34100 0.94172
34600 0.930775
35100 0.939396
35600 0.925915
36100 0.935783
36600 0.952376
37100 0.967142
37600 0.957004
38100 0.936651
38600 0.942292
39100 0.948837
39600 0.934271
40100 0.955308
40600 0.926897
41100 0.952744
41600 0.947446
42100 0.961976
42600 0.946118
43100 0.932767
43600 0.919251
44100 0.914402
44600 0.940657
45100 0.957474
45600 0.965839
46100 0.956474
46600 0.924237
47100 0.952907
47600 0.950212
48100 0.937567
48600 0.964793
49100 0.930776
49600 0.96991
50100 0.940404
50600 0.93698
51100 0.950657
51600 0.943429
52100 0.925138
52600 0.967544
53100 0.940499
53600 0.931152
54100 0.950181
54600 0.96061
55100 0.951893
55600 0.942227
56100 0.95263
56600 0.956517
57100 0.919986
57600 0.928178
58100 0.951915
58600 0.946414
59100 0.934422
59600 0.941187
60100 0.944261
60600 0.957254
61100 0.938695
61600 0.960665
62100 0.952271
62600 0.927816
63100 0.92728
63600 0.936091
64100 0.948438
64600 0.957266
65100 0.947869
65600 0.955629
66100 0.938176
66600 0.940512
67100 0.94617
67600 0.938263
68100 0.951974
68600 0.933392
69100 0.956277
69600 0.959264
70100 0.954321
70600 0.943646
71100 0.959766
71600 0.960358
72100 0.943046
72600 0.942334
73100 0.929445
73600 0.926887
74100 0.946889
74600 0.960309
75100 0.952006
75600 0.962235
76100 0.958335
76600 0.945529
77100 0.949093
77600 0.956569
78100 0.937989
78600 0.943878
79100 0.942054
79600 0.916583
80100 0.942949
80600 0.928333
81100 0.94559
81600 0.957365
82100 0.952657
82600 0.948998
83100 0.935771
83600 0.955652
84100 0.944734
84600 0.938909
85100 0.947832
85600 0.945525
86100 0.966556
86600 0.95932
87100 0.93465
87600 0.958188
88100 0.945079
88600 0.940901
89100 0.953895
89600 0.937829
90100 0.94558
90600 0.937875
91100 0.941158
91600 0.945411
92100 0.934831
92600 0.944159
93100 0.951737
93600 0.938776
94100 0.955987
94600 0.952666
95100 0.943889
95600 0.958554
96100 0.943018
96600 0.942695
97100 0.946277
97600 0.943633
98100 0.95114
98600 0.946629
99100 0.945366
99600 0.948742
