100 1.014
600 0.949217
1100 0.903382
1600 0.953794
2100 0.917429
2600 0.923
3100 0.932771
3600 0.951094
4100 0.934446
4600 0.939052
5100 0.971253
5600 0.943986
6100 0.930331
6600 0.948961
7100 0.935451
7600 0.961966
8100 0.953077
8600 0.959566
9100 0.948814
9600 0.934077
10100 0.951252
10600 0.947038
11100 0.948684
11600 0.952373
12100 0.952545
12600 0.940364
13100 0.945239
13600 0.943666
14100 0.945801
14600 0.946747
15100 0.948079
15600 0.9425
16100 0.946085
16600 0.939783
17100 0.941063
17600 0.949473
18100 0.94556
18600 0.940312
19100 0.942064
19600 0.950366
20100 0.947073
20600 0.942708
21100 0.93815
21600 0.939437
22100 0.948235
22600 0.943558
23100 0.944717
23600 0.942819
24100 0.939878
24600 0.954094
25100 0.952123
25600 0.937422
26100 0.95294
26600 0.93795
27100 0.938667
27600 0.952401
28100 0.942912
28600 0.940491
29100 0.934378
29600 0.937436
30100 0.952071
30600 0.950045
31100 0.938738
31600 0.94271
32100 0.947137
32600 0.945726
33100 0.940631
33600 0.946601
34100 0.941642
34600 0.936143
35100 0.935663
35600 0.941131
36100 0.945838
36600 0.937027
37100 0.938246
37600 0.940287
38100 0.938549
38600 0.944298
39100 0.948302
39600 0.945717
40100 0.94463
40600 0.951229
41100 0.949854
41600 0.947456
42100 0.946199
42600 0.943226
43100 0.9464
43600 0.948377
44100 0.942721
44600 0.942042
45100 0.941604
45600 0.942731
46100 0.94651
46600 0.943027
47100 0.941233
47600 0.944163
48100 0.947981
48600 0.941288
49100 0.942407
49600 0.949058
50100 0.95119
50600 0.935612
51100 0.944151
51600 0.948365
52100 0.945005
52600 0.943701
53100 0.952574
53600 0.949805
54100 0.947806
54600 0.948598
55100 0.944437
55600 0.940169
56100 0.946219
56600 0.94437
57100 0.94122
57600 0.943701
58100 0.943288
58600 0.940892
59100 0.945799
59600 0.943508
60100 0.947778
60600 0.940516
61100 0.94604
61600 0.945851
62100 0.945856
62600 0.947291
63100 0.938553
63600 0.944354
64100 0.944607
64600 0.943182
65100 0.944505
65600 0.945112
66100 0.948113
66600 0.947948
67100 0.942269
67600 0.9489
68100 0.946747
68600 0.945957
69100 0.946253
69600 0.944627
70100 0.943845
70600 0.943192
71100 0.943381
71600 0.946494
72100 0.943072
72600 0.944258
73100 0.947371
73600 0.946538
74100 0.943321
74600 0.943251
75100 0.939469
75600 0.943427
76100 0.938872
76600 0.94726
77100 0.94377
77600 0.943351
78100 0.946162
78600 0.949088
79100 0.94437
79600 0.945275
80100 0.942771
80600 0.94619
81100 0.942357
81600 0.946545
82100 0.956486
82600 0.941674
83100 0.944265
83600 0.94359
84100 0.943888
84600 0.949297
85100 0.946738
85600 0.946361
86100 0.943161
86600 0.941697
87100 0.945139
87600 0.944702
88100 0.944904
88600 0.942471
89100 0.945812
89600 0.948305
90100 0.940548
90600 0.943061
91100 0.943729
91600 0.943817
92100 0.94629
92600 0.945652
93100 0.940137
93600 0.944017
94100 0.944927
94600 0.946061
95100 0.94624
95600 0.945233
96100 0.945503
96600 0.948534
97100 0.946487
97600 0.949309
98100 0.941749
98600 0.945852
99100 0.946485
99600 0.942582
