100 0.0694828
600 0.00469948
1100 0.0411354
1600 0.00927656
2100 0.0270886
2600 0.0215172
3100 0.0117462
3600 0.00657726
4100 0.0100708
4600 0.00546501
5100 0.0267358
5600 0.000531472
6100 0.014186
6600 0.00444342
7100 0.00906648
7600 0.0174486
8100 0.00855936
8600 0.0150491
9100 0.0042971
9600 0.0104401
10100 0.00673529
10600 0.00252055
11100 0.0041666
11600 0.00785609
12100 0.00802827
12600 0.0041529
13100 0.000721745
13600 0.000851009
14100 0.00128352
14600 0.00223007
15100 0.00356162
15600 0.00201719
16100 0.00156791
16600 0.00473466
17100 0.00345403
17600 0.00495554
18100 0.00104248
18600 0.00420482
19100 0.00245279
19600 0.00584914
20100 0.00255545
20600 0.00180893
21100 0.00636695
21600 0.00508061
22100 0.00371811
22600 0.000958779
23100 0.00020013
23600 0.00169769
24100 0.00463876
24600 0.00957712
25100 0.00760592
25600 0.00709531
26100 0.00842266
26600 0.00656719
27100 0.00585003
27600 0.00788354
28100 0.00160544
28600 0.00402628
29100 0.0101388
29600 0.00708104
30100 0.00755358
30600 0.00552791
31100 0.00577924
31600 0.00180738
32100 0.00261989
32600 0.00120889
33100 0.00388667
33600 0.002084
34100 0.00287496
34600 0.00837441
35100 0.00885422
35600 0.00338657
36100 0.00132104
36600 0.00749068
37100 0.00627109
37600 0.00422995
38100 0.00596837
38600 0.00021874
39100 0.0037846
39600 0.00119999
40100 0.000112739
40600 0.00671139
41100 0.00533683
41600 0.00293906
42100 0.0016821
42600 0.00129089
43100 0.00188281
43600 0.00385965
44100 0.0017961
44600 0.00247481
45100 0.00291364
45600 0.00178626
46100 0.00199279
46600 0.00148993
47100 0.00328406
47600 0.000353951
48100 0.0034639
48600 0.00322891
49100 0.00210985
49600 0.00454048
50100 0.00667283
50600 0.00890513
51100 0.00036611
51600 0.00384793
52100 0.000487996
52600 0.000816045
53100 0.0080572
53600 0.00528804
54100 0.00328854
54600 0.00408043
55100 8.01623e-05
55600 0.0043483
56100 0.00170207
56600 0.000147575
57100 0.0032967
57600 0.000816491
58100 0.00122958
58600 0.00362555
59100 0.00128231
59600 0.00100947
60100 0.00326068
60600 0.00400151
61100 0.00152324
61600 0.00133411
62100 0.00133853
62600 0.00277371
63100 0.00596457
63600 0.000163255
64100 8.99904e-05
64600 0.00133499
65100 1.22704e-05
65600 0.000594704
66100 0.00359582
66600 0.00343071
67100 0.00224774
67600 0.00438281
68100 0.00223024
68600 0.00143937
69100 0.00173607
69600 0.000110257
70100 0.000672678
70600 0.00132483
71100 0.00113589
71600 0.00197723
72100 0.00144562
72600 0.000258784
73100 0.00285381
73600 0.00202059
74100 0.00119613
74600 0.00126611
75100 0.00504821
75600 0.00109033
76100 0.00564557
76600 0.00274326
77100 0.000747536
77600 0.00116615
78100 0.00164479
78600 0.00457047
79100 0.000146895
79600 0.000757563
80100 0.00174615
80600 0.00167314
81100 0.00215985
81600 0.00202779
82100 0.0119693
82600 0.00284346
83100 0.000252565
83600 0.000927114
84100 0.000629077
84600 0.00477939
85100 0.00222042
85600 0.00184333
86100 0.00135586
86600 0.0028203
87100 0.00062162
87600 0.000185097
88100 0.00038656
88600 0.00204653
89100 0.00129482
89600 0.00378784
90100 0.00396935
90600 0.00145615
91100 0.000788536
91600 0.000700155
92100 0.00177272
92600 0.00113454
93100 0.00437981
93600 0.000500519
94100 0.000410125
94600 0.00154338
95100 0.00172288
95600 0.000716078
96100 0.000985936
96600 0.00401718
97100 0.00196984
97600 0.00479183
98100 0.00276856
98600 0.00133434
99100 0.00196808
99600 0.00193496
